[UBMode]
Mode=1
[Data]
ScatteringPlaneVectors=1.000000,1.000000,0.000000,0.000000,0.000000,1.000000
Peak1=1.000000,1.000000,0.000000,-36.604215,74.599410,0.563000,-1.497000,14.640465,14.639165
LatticeParams=7.527800,7.527800,3.846800,90.000000,90.000000,120.000000
Energy=14.700000
[Matrices]
UBMatrix=-0.007487,-0.005979,0.259610,-0.134627,-0.130620,-0.013238,0.073134,-0.080198,0.002206
UBInverse=-0.254828,-3.928035,6.416648,-0.126711,-3.587425,-6.616804,3.841670,-0.195900,0.032644
BMatrix=0.153392,0.076696,0.000000,0.000000,0.132841,0.000000,0.000000,0.000000,0.259956
[AngleMode]
Mode=0
PlaneNormal=-0.009826,-0.026123,0.999610
InPlaneRef=0.000000,-0.999659,-0.026125
UpperArc=-1.497000
