[UBMode]
Mode=1
[Data]
ScatteringPlaneVectors=1.000000,1.000000,0.000000,0.000000,0.000000,1.000000
Peak1=0.000000,0.000000,2.000000,-75.832561,-37.689960,0.355000,0.000500,14.640465,14.639165
LatticeParams=7.527800,7.527800,3.846800,90.000000,90.000000,120.000000
Energy=14.640465
[Matrices]
UBMatrix=-0.001004,-0.000053,0.259949,-0.132839,-0.132841,-0.001034,0.076692,-0.076696,0.001611
UBInverse=-0.055367,-3.763813,6.519081,0.025418,-3.763927,-6.519201,3.846696,-0.015304,0.023834
BMatrix=0.153392,0.076696,0.000000,0.000000,0.132841,0.000000,0.000000,0.000000,0.259956
[AngleMode]
Mode=0
PlaneNormal=-0.006196,0.000009,0.999981
InPlaneRef=0.000000,-1.000000,0.000009
UpperArc=0.000500
