[UBMode]
Mode=2
[Data]
Peak1=1.000000,0.000000,0.000000,-75.809923,-35.281496,-0.198000,-0.000500,14.640465,14.638497
Peak2=2.000000,2.000000,0.000000,-77.489057,54.110236,-0.198000,0.000000,14.640465,14.639165
LatticeParams=7.554017,7.554017,3.847681,90.000000,90.000000,120.000000
Energy=14.700000
[Matrices]
UBMatrix=0.152698,0.070284,-0.000898,-0.007003,-0.135743,0.000000,-0.000528,-0.000243,-0.259895
UBInverse=6.708105,3.473321,-0.023184,-0.346087,-7.546085,0.001196,-0.013298,0.000000,-3.847658
BMatrix=0.152859,0.076430,0.000000,0.000000,0.132380,0.000000,0.000000,0.000000,0.259897
[AngleMode]
Mode=0
PlaneNormal=0.003456,0.000000,0.999986
InPlaneRef=0.998944,-0.045815,-0.003453
UpperArc=-0.000001
