[UBMode]
Mode=2
[Data]
Peak1=0.000000,0.000000,2.000000,-75.831577,-35.540354,-0.097500,1.957500,14.640465,14.638497
Peak2=2.000000,2.000000,0.000000,-77.487089,53.630906,-0.097500,1.957500,14.640465,14.638497
LatticeParams=7.554053,7.554053,3.846679,90.000000,90.000000,120.000000
Energy=14.700000
[Matrices]
UBMatrix=-0.005362,-0.005623,0.259740,-0.129577,-0.134798,-0.010795,0.080912,-0.071857,-0.000073
UBInverse=-0.145578,-3.548100,6.667346,-0.167843,-3.995025,-6.409003,3.843361,-0.159730,-0.001085
BMatrix=0.152858,0.076429,0.000000,0.000000,0.132379,0.000000,0.000000,0.000000,0.259965
[AngleMode]
Mode=0
PlaneNormal=0.001702,0.034158,0.999415
InPlaneRef=0.999137,-0.041524,-0.000282
UpperArc=1.957500
