[UBMode]
Mode=2
[Data]
Peak1=0.000000,0.000000,2.000000,-75.831577,-35.540354,-0.097500,1.517000,14.640465,14.638497
Peak2=2.000000,2.000000,0.000000,-77.489057,54.110236,-0.098000,1.517000,14.640465,14.639165
LatticeParams=7.554053,7.554053,3.846679,90.000000,90.000000,120.000000
Energy=14.700000
[Matrices]
UBMatrix=-0.005362,-0.005623,0.259740,-0.130195,-0.134242,-0.010794,0.079913,-0.072891,-0.000156
UBInverse=-0.145577,-3.599252,6.639873,-0.167843,-3.945637,-6.439526,3.843361,-0.159717,-0.002313
BMatrix=0.152858,0.076429,0.000000,0.000000,0.132379,0.000000,0.000000,0.000000,0.259965
[AngleMode]
Mode=0
PlaneNormal=0.001702,0.026473,0.999613
InPlaneRef=0.999137,-0.041521,-0.000601
UpperArc=1.517025
