[Powder]
name=ni
dspacing=3.523940
energy=30.500000
emeasured=30.500800
npeaks=1
[Peak1]
h=1.000000
k=1.000000
l=1.000000
position=47.495693
error=0.001293
xvals=46.502400,46.546300,46.595800,46.647900,46.697400,46.744100,46.796300,46.843000,46.892400,46.941800,46.988500,47.040700,47.087400,47.136800,47.186300,47.235700,47.282400,47.331800,47.381300,47.433500,47.480200,47.532300,47.576300,47.628500,47.675200,47.724600,47.774000,47.823500,47.870200,47.922400,47.969100,48.018500,48.067900,48.117400,48.164100,48.216200,48.262900,48.312400,48.361800,48.411300,48.457900
yvals=11807.000000,13551.000000,15532.000000,17663.000000,19711.000000,22104.000000,24589.000000,26801.000000,28701.000000,31151.000000,33313.000000,35519.000000,36814.000000,38325.000000,40057.000000,41043.000000,41636.000000,42499.000000,43093.000000,43503.000000,44093.000000,43759.000000,43546.000000,43256.000000,42363.000000,41838.000000,40979.000000,39306.000000,38340.000000,36443.000000,34742.000000,32729.000000,30625.000000,28423.000000,26690.000000,24043.000000,21367.000000,19026.000000,16660.000000,14670.000000,12515.000000
errs=108.660020,116.408763,124.627445,132.902220,140.395869,148.674140,156.808801,163.710110,169.413695,176.496459,182.518492,188.464851,191.869747,195.767720,200.142449,202.590720,204.049014,206.152856,207.588535,208.573728,209.983333,209.186520,208.676784,207.980768,205.822739,204.543394,202.432705,198.257408,195.806026,190.900498,186.392060,180.911581,175.000000,168.591222,163.370744,155.058054,146.174553,137.934767,129.073622,121.119775,111.870461
fitvals=11306.591355,13260.350113,15506.222039,17903.988838,20197.938017,22360.769524,24757.804490,26866.516856,29041.600159,31140.305252,33036.316029,35033.861350,36694.470061,38303.577309,39747.244846,41004.233914,42011.371654,42873.923445,43519.654792,43955.618840,44128.061450,44075.723134,43830.935206,43305.511954,42624.436054,41694.899388,40560.549959,39230.939065,37812.385844,36055.009438,34345.203956,32412.961216,30372.410430,28238.704323,26161.800495,23792.155883,21638.728682,19343.867524,17058.246324,14789.117175,12685.909025
coefficients=-17284.755160,61424.243971,47.495693,1.891365
coefficient_errors=2096.588830,2031.058717,0.001293,0.045894
chisq=3.951428
scan=16
