[UBMode]
Mode=2
[Data]
Peak1=0.000000,0.000000,2.000000,-75.831577,-35.095472,1.334000,-1.497000,14.640465,14.639165
Peak2=1.000000,1.000000,0.000000,-36.603230,74.506890,1.334000,-0.820500,14.640465,14.639165
LatticeParams=7.527800,7.527800,3.846800,90.000000,90.000000,120.000000
Energy=14.700000
[Matrices]
UBMatrix=-0.008315,-0.004833,0.259571,-0.133762,-0.131562,-0.012952,0.074615,-0.078721,0.005708
UBInverse=-0.334255,-3.852356,6.458746,-0.038297,-3.665320,-6.575085,3.841094,-0.191659,0.084469
BMatrix=0.153392,0.076696,0.000000,0.000000,0.132841,0.000000,0.000000,0.000000,0.259956
[AngleMode]
Mode=0
PlaneNormal=-0.022699,-0.014345,0.999639
InPlaneRef=0.998517,-0.049823,0.021958
UpperArc=-0.822139
LowerArc=1.300651
