[UBMode]
Mode=2
[Data]
Peak1=0.000000,0.000000,2.000000,-75.809923,-35.077756,1.273000,-1.567000,14.640465,14.639165
Peak2=2.000000,2.000000,0.000000,-77.489057,54.110236,1.300500,-1.567000,14.640465,14.639165
LatticeParams=7.554017,7.554017,3.847681,90.000000,90.000000,120.000000
Energy=14.700000
[Matrices]
UBMatrix=-0.008230,-0.004834,0.259516,-0.134256,-0.130074,-0.012979,0.072618,-0.080146,0.005414
UBInverse=-0.331702,-3.949888,6.430516,-0.041011,-3.591871,-6.645295,3.842044,-0.192156,0.080152
BMatrix=0.152859,0.076430,0.000000,0.000000,0.132380,0.000000,0.000000,0.000000,0.259897
[AngleMode]
Mode=0
PlaneNormal=-0.022217,-0.027363,0.999379
InPlaneRef=0.998535,-0.049941,0.020831
UpperArc=-1.568369
LowerArc=1.273068
