[UBMode]
Mode=2
[Data]
Peak1=0.000000,0.000000,2.000000,-75.831577,-35.095472,1.334000,-1.497000,14.640465,14.639165
Peak2=2.000000,2.000000,0.000000,-77.489057,54.110236,1.300500,-1.567000,14.640465,14.639165
LatticeParams=7.554017,7.554017,3.846800,90.000000,90.000000,120.000000
Energy=14.700000
[Matrices]
UBMatrix=-0.008296,-0.004728,0.259571,-0.134253,-0.130079,-0.012952,0.072617,-0.080144,0.005708
UBInverse=-0.338480,-3.949545,6.430373,-0.033112,-3.592270,-6.645124,3.841094,-0.191659,0.084469
BMatrix=0.152859,0.076430,0.000000,0.000000,0.132380,0.000000,0.000000,0.000000,0.259956
[AngleMode]
Mode=0
PlaneNormal=-0.023339,-0.027306,0.999354
InPlaneRef=0.998517,-0.049823,0.021958
UpperArc=-1.565161
LowerArc=1.337358
