[UBMode]
Mode=2
[Data]
Peak1=0.000000,0.000000,2.000000,-75.809923,-35.080708,1.273000,-1.567000,14.640465,14.639165
Peak2=2.000000,2.000000,0.000000,-77.489057,54.110236,1.300500,-1.567000,14.640465,14.639165
LatticeParams=7.554017,7.554017,3.846800,90.000000,90.000000,120.000000
Energy=14.700000
[Matrices]
UBMatrix=-0.008223,-0.004827,0.259576,-0.134257,-0.130074,-0.012969,0.072618,-0.080146,0.005416
UBInverse=-0.331508,-3.949897,6.430520,-0.040817,-3.591881,-6.645291,3.841174,-0.191914,0.080139
BMatrix=0.152859,0.076430,0.000000,0.000000,0.132380,0.000000,0.000000,0.000000,0.259956
[AngleMode]
Mode=0
PlaneNormal=-0.022217,-0.027363,0.999378
InPlaneRef=0.998537,-0.049889,0.020833
UpperArc=-1.568369
LowerArc=1.273068
