[UBMode]
Mode=1
[Data]
ScatteringPlaneVectors=1.000000,1.000000,0.000000,0.000000,0.000000,1.000000
Peak1=1.000000,1.000000,0.000000,-36.602015,-18.301007,0.000000,0.000000,14.640465,14.640465
LatticeParams=7.527800,7.527800,3.846800,90.000000,90.000000,120.000000
Energy=14.640465
[Matrices]
UBMatrix=0.132841,0.132841,0.000000,0.000000,0.000000,0.259956,0.076696,-0.076696,0.000000
UBInverse=3.763900,0.000000,6.519266,3.763900,0.000000,-6.519266,0.000000,3.846800,0.000000
BMatrix=0.153392,0.076696,0.000000,0.000000,0.132841,0.000000,0.000000,0.000000,0.259956
[AngleMode]
Mode=0
PlaneNormal=0.000000,0.000000,1.000000
InPlaneRef=0.000000,-1.000000,0.000000
UpperArc=0.000000
LowerArc=0.000000
