[UBMode]
Mode=1
[Data]
ScatteringPlaneVectors=1.000000,1.000000,0.000000,0.000000,0.000000,1.000000
Peak1=0.000000,0.000000,2.000000,-75.831577,-35.095472,1.334000,-1.497000,14.640465,14.639165
LatticeParams=7.527800,7.527800,3.846800,90.000000,90.000000,120.000000
Energy=14.700000
[Matrices]
UBMatrix=-0.008324,-0.004753,0.259571,-0.134634,-0.130627,-0.012952,0.073030,-0.080267,0.005708
UBInverse=-0.337028,-3.928207,6.412751,-0.033483,-3.587673,-6.617798,3.841094,-0.191659,0.084469
BMatrix=0.153392,0.076696,0.000000,0.000000,0.132841,0.000000,0.000000,0.000000,0.259956
[AngleMode]
Mode=0
PlaneNormal=-0.023281,-0.026118,0.999388
InPlaneRef=0.000000,-0.999659,-0.026125
UpperArc=-1.497000
LowerArc=1.334000
