[UBMode]
Mode=1
[Data]
ScatteringPlaneVectors=1.000000,1.000000,0.000000,0.000000,0.000000,1.000000
Peak1=0.000000,0.000000,2.000000,-75.831577,-35.101378,0.563000,0.002500,14.640465,14.639165
LatticeParams=7.527800,7.527800,3.846800,90.000000,90.000000,120.000000
Energy=14.700000
[Matrices]
UBMatrix=-0.007280,-0.005772,0.259630,-0.132677,-0.132684,-0.012771,0.076634,-0.076750,0.002552
UBInverse=-0.248968,-3.759070,6.517298,-0.120851,-3.759639,-6.520604,3.841969,-0.188990,0.037761
BMatrix=0.153392,0.076696,0.000000,0.000000,0.132841,0.000000,0.000000,0.000000,0.259956
[AngleMode]
Mode=0
PlaneNormal=-0.009826,0.000044,0.999952
InPlaneRef=0.000000,-1.000000,0.000044
UpperArc=0.002500
LowerArc=0.563000
