[UBMode]
Mode=2
[Data]
Peak1=0.000000,0.000000,2.000000,-75.831577,-35.540354,-0.097500,1.517000,14.640465,14.638497
Peak2=2.000000,2.000000,0.000000,-77.489057,54.110236,-0.098000,1.517000,14.640465,14.639165
LatticeParams=7.554017,7.554017,3.838887,90.000000,90.000000,120.000000
Energy=14.700000
[Matrices]
UBMatrix=-0.005362,-0.005623,0.260267,-0.130196,-0.134243,-0.010816,0.079914,-0.072892,-0.000157
UBInverse=-0.145577,-3.599235,6.639841,-0.167842,-3.945618,-6.439495,3.835576,-0.159394,-0.002308
BMatrix=0.152859,0.076430,0.000000,0.000000,0.132380,0.000000,0.000000,0.000000,0.260492
[AngleMode]
Mode=0
PlaneNormal=0.001702,0.026473,0.999613
InPlaneRef=0.999137,-0.041521,-0.000601
UpperArc=1.517025
LowerArc=-0.097501
