[UBMode]
Mode=2
[Data]
Peak1=0.000000,0.000000,2.000000,-75.809923,-35.281496,-0.198000,-0.000500,14.640465,14.638497
Peak2=2.000000,2.000000,0.000000,-77.489057,54.110236,-0.198000,0.000000,14.640465,14.639165
LatticeParams=7.554017,7.554017,3.838887,90.000000,90.000000,120.000000
Energy=14.700000
[Matrices]
UBMatrix=-0.005801,-0.006329,0.260217,-0.132241,-0.132241,-0.011935,0.076450,-0.076408,-0.000899
UBInverse=-0.150433,-3.773043,6.542530,-0.195653,-3.773042,-6.541334,3.834833,-0.175879,-0.013254
BMatrix=0.152859,0.076430,0.000000,0.000000,0.132380,0.000000,0.000000,0.000000,0.260492
[AngleMode]
Mode=0
PlaneNormal=0.003456,0.000000,0.999986
InPlaneRef=0.998944,-0.045815,-0.003453
UpperArc=-0.000001
LowerArc=-0.198023
