[UBMode]
Mode=1
[Data]
ScatteringPlaneVectors=1.000000,1.000000,0.000000,0.000000,0.000000,1.000000
Peak1=1.000000,1.000000,0.000000,30.807137,15.403568,0.000000,0.000000,14.700000,14.700000
LatticeParams=6.280000,6.280000,6.280000,90.000000,90.000000,90.000000
Energy=14.700000
[Matrices]
UBMatrix=-0.112597,-0.112597,0.000000,0.000000,0.000000,-0.159236,0.112597,-0.112597,0.000000
UBInverse=-4.440631,0.000000,4.440631,-4.440631,0.000000,-4.440631,0.000000,-6.280000,0.000000
BMatrix=0.159236,0.000000,0.000000,0.000000,0.159236,0.000000,0.000000,0.000000,0.159236
[AngleMode]
Mode=0
PlaneNormal=0.000000,0.000000,1.000000
InPlaneRef=0.000000,-1.000000,0.000000
UpperArc=0.000000
LowerArc=0.000000
